0.8 0.0003 0.05 3595.01 2482.5 3684.5091911813706
0.2 0.03 0.05 46.793 38.0 29.864094679062347
0.8 0.03 0.0005 340.3 253.0 282.6062808926935
0.5 0.0003 5e-05 172.317 131.0 144.07703672341404
0.2 0.0 0.0 52.598 41.5 46.25317714492702
0.8 0.003 0.005 293.608 213.0 267.23700031245676
0.5 3e-05 0.0005 310.366 223.0 289.4873158602981
0.0 0.0003 0.0005 193.202 133.0 192.1589893707812
0.2 3e-05 0.005 218.121 127.0 275.0022260982627
0.8 0.03 5e-05 748.167 536.0 728.3207597693478
0.2 0.003 0.0005 155.506 119.0 132.8706587776248
0.5 0.003 0.05 275.673 210.0 239.88805737468468
0.5 0.03 0.05 115.05 83.0 107.96815965829926
0.0 0.0003 0.05 87.156 64.5 68.82446995073772
0.0 0.03 0.0005 71.416 53.0 50.836826651552514
0.0 0.003 0.005 213.716 137.0 229.2797578156432
0.2 0.0003 0.0005 1726.672 1207.0 1754.3704501660986
0.2 0.0003 0.005 305.777 203.0 316.83565656504004
0.2 3e-05 0.05 66.494 53.0 48.558582804690666
0.5 0.03 0.005 154.581 113.0 140.80767535542938
0.5 0.0003 0.05 124.916 88.0 108.5077736570058
0.8 3e-05 0.05 651.308 478.5 562.135699930186
0.5 0.03 0.0005 190.51 133.0 177.5691411816817
0.5 0.003 0.005 130.114 96.0 116.15252474225431
0.2 0.03 5e-05 161.141 120.0 139.0000256079113
0.2 3e-05 5e-05 497.64 363.0 444.14801631888446
0.5 0.0 0.0 53.206 36.0 47.08109561172085
0.5 0.0003 0.005 225.925 148.0 245.26264977570477
0.5 0.003 0.0005 80.133 59.0 62.801443542326325
0.8 0.003 5e-05 424.879 303.0 425.14447704162876
0.2 0.003 0.05 138.874 99.0 124.55210204569009
0.5 0.003 5e-05 88.594 65.5 76.20516494306669
0.5 3e-05 0.05 127.825 83.0 122.39442133937315
0.2 0.03 0.005 75.106 57.0 62.361452548830194
0.8 0.03 0.005 236.052 176.0 206.52334806505536
0.2 3e-05 0.0005 623.847 458.0 572.9051593335497
0.0 0.003 5e-05 118.176 80.5 118.10350978696611
0.2 0.0003 5e-05 205.994 143.0 194.00040712328413
0.8 0.003 0.05 339.052 231.0 331.05710277231634
0.5 0.03 5e-05 734.497 577.0 631.1903246969174
0.8 0.0003 0.0005 295.16 218.0 273.1196704743179
0.8 3e-05 0.005 1449.02 936.0 1596.5267926345614
0.8 0.03 0.05 551.498 366.0 595.3450831207057
0.8 0.0003 5e-05 2462.887 1660.0 2481.2730035671207
0.8 0.0 0.0 51.297 34.0 43.37258109681738
0.2 0.003 0.005 190.771 137.0 174.07770264740972
0.5 0.0003 0.0005 1930.502 1327.5 2134.3438682639685
0.2 0.0003 0.05 131.25 87.0 124.76262060408959
0.8 3e-05 0.0005 581.22 397.0 629.864323168093
0.2 0.03 0.0005 76.453 55.0 63.23095595513325
0.0 3e-05 0.0005 161.61 113.0 155.77172368565482
0.0 3e-05 0.005 129.312 93.0 117.26724459967498
0.0 0.03 5e-05 89.849 68.0 73.67964575783463
0.0 0.0003 5e-05 324.765 227.0 314.92331411789763
0.5 3e-05 0.005 292.83 215.0 289.28124913308847
0.0 0.03 0.05 189.251 133.0 177.27337645286727
0.0 3e-05 0.05 295.946 177.0 341.64066368627726
0.8 0.0003 0.005 488.568 333.0 506.513590514608
0.2 0.003 5e-05 323.452 233.0 302.1000028070176
0.0 0.0 0.0 51.494 36.5 46.32968771748845
0.8 0.003 0.0005 287.541 203.0 278.93013519338496
0.8 3e-05 5e-05 3624.031 2343.0 3996.7487319118527
0.5 3e-05 5e-05 4783.61 3186.0 4952.148230202727
0.0 3e-05 5e-05 2989.408 2004.5 3071.1343076355356
0.0 0.003 0.0005 175.917 123.0 153.6725548398282
0.0 0.003 0.05 80.352 63.0 62.613833104195116
0.0 0.03 0.005 186.116 131.0 176.21989826350486
0.0 0.0003 0.005 49.111 43.0 29.88606161741624
