0.0 0.03 5e-05 76.691 59.0 67.43516529971583
0.5 0.0003 0.05 437.404 308.0 408.309731434361
0.5 0.03 0.0005 88.491 70.0 67.12324425264322
0.5 0.003 0.005 216.879 148.5 198.24938930296858
0.2 0.003 0.0005 90.942 66.0 77.20408432200979
0.0 0.0003 0.05 54.297 43.0 40.2026714410871
0.0 0.03 0.0005 48.352 41.0 30.04496789813562
0.0 3e-05 0.05 153.828 103.5 142.20868614820967
0.0 0.003 0.005 99.112 73.0 88.91022132465986
0.2 0.0003 0.005 86.927 56.0 89.07598818424637
0.2 3e-05 0.005 69.282 53.0 52.25981702991315
0.8 0.0003 0.05 261.33 183.0 251.36728327290328
0.8 0.03 0.0005 198.873 143.0 183.95350736259417
0.5 0.0003 5e-05 613.455 414.0 594.9827762002864
0.0 0.0 0.0 55.374 42.0 52.53016394415689
0.8 0.003 0.005 334.575 242.0 326.2569453283715
0.5 3e-05 0.0005 204.896 139.0 201.32333492171244
0.2 3e-05 0.0005 204.666 159.0 172.3811603511242
0.0 0.003 5e-05 91.051 63.0 73.44726270597155
0.8 0.03 0.05 503.773 359.0 486.74154894666634
0.2 0.0003 5e-05 416.87 296.0 416.64849105691
0.0 0.03 0.005 41.118 33.0 31.209775327611702
0.5 0.003 5e-05 108.402 83.0 98.7330359909995
0.0 0.003 0.05 107.957 80.0 95.2159080773796
0.2 0.0003 0.0005 153.792 111.0 141.392675680178
0.0 0.0003 0.0005 84.897 59.5 73.15672485151315
0.5 0.0003 0.005 84.339 59.0 81.28269237051637
0.8 0.003 5e-05 1427.381 943.0 1468.1549141146515
0.5 0.003 0.0005 210.919 153.0 194.98753406051372
0.8 0.0 0.0 51.211 36.0 47.497710250074164
0.2 3e-05 5e-05 2633.698 1831.0 2632.13729064348
0.0 0.03 0.05 58.482 43.0 46.96983793883049
0.2 3e-05 0.05 71.26 53.0 50.8986483121114
0.5 3e-05 0.005 199.374 143.0 182.00095088762586
0.5 0.03 0.005 84.33 63.0 71.56522269929718
0.5 0.003 0.05 179.717 131.0 162.08705349595323
0.8 0.03 5e-05 243.67 173.0 219.79536187099126
0.2 0.03 5e-05 122.811 90.0 109.10756746898906
0.0 3e-05 0.0005 69.413 53.0 58.48013706379287
0.0 3e-05 0.005 115.277 83.0 102.31736055528407
0.0 0.0003 5e-05 134.524 100.0 117.18534645594559
0.8 3e-05 0.05 369.861 277.0 327.4733663658772
0.2 0.003 0.005 108.971 73.0 99.62125355063547
0.8 0.0003 5e-05 250.874 183.0 236.42387384526123
0.8 3e-05 0.0005 1159.787 689.0 1313.1033796434308
0.2 0.0003 0.05 88.341 65.0 72.75806978610689
0.5 0.0 0.0 56.726 43.0 46.91484758581231
0.2 0.03 0.0005 74.83 55.0 57.88318495038088
0.8 3e-05 0.005 2616.643 1570.0 2967.5361607823756
0.5 3e-05 0.05 1057.36 671.0 1125.386755919937
0.2 0.03 0.005 75.048 57.0 56.35882979622626
0.2 0.03 0.05 151.257 111.0 137.1294313814507
0.0 0.003 0.0005 87.24 63.0 74.7851750014667
0.0 3e-05 5e-05 590.599 352.0 676.5427393735004
0.0 0.0003 0.005 125.543 83.0 109.51839183899662
0.2 0.003 0.05 60.561 46.0 43.572815825925225
0.5 0.03 5e-05 108.185 83.0 93.86749583854892
0.8 0.003 0.05 162.523 128.0 138.6777180047321
0.5 3e-05 5e-05 768.44 556.0 761.5651872295634
0.8 0.03 0.005 240.887 166.0 220.56824846518595
0.5 0.03 0.05 404.936 286.0 380.73032963503186
0.8 3e-05 5e-05 999.832 679.0 1025.4803302725995
0.5 0.0003 0.0005 109.621 83.0 89.1577554618778
0.2 0.003 5e-05 791.982 553.0 748.4705723513783
0.8 0.0003 0.0005 421.805 303.0 374.57389788264743
0.8 0.0003 0.005 269.07 193.0 243.14332213737643
0.2 0.0 0.0 58.011 43.0 51.59584168322095
0.8 0.003 0.0005 453.008 314.5 433.5222623303214
