0.0 0.0 49.982 35.0 42.94221321729936
0.03 0.005 122.28 93.0 97.51296118978236
3e-05 5e-05 70.235 53.0 56.27123399215625
0.003 0.05 46.173 36.0 31.712411939176118
0.0003 0.0005 68.149 53.0 56.84579842873174
0.03 0.05 39.014 33.0 29.767294200178824
3e-05 0.05 23.342 23.0 10.888298122296247
0.03 5e-05 23.479 23.0 12.422944860217322
3e-05 0.005 21.181 13.0 13.868966760361063
0.003 5e-05 36.391 27.0 29.01003479832453
3e-05 0.0005 62.359 46.0 52.97558040267233
0.0003 5e-05 127.305 93.0 111.71400080115293
0.0003 0.05 55.847 42.0 51.682391498459126
0.03 0.0005 68.44 50.0 55.85306079347845
0.003 0.005 77.693 57.0 64.67200902245114
0.003 0.0005 69.928 53.0 56.13967238949654
0.0003 0.005 105.501 73.0 101.0617336037731
